0.000011	  0.000000	  0.823077	  0.000000	  0.013906	
0.005816	103.459213	  0.818208	  0.417558	  0.034710	
0.011621	101.132011	  0.809415	  0.685019	  0.095436	
0.017426	101.132011	  0.809415	  0.809985	  0.095436	
0.023231	101.603737	  0.813961	  0.840573	  0.123609	
0.029036	101.603737	  0.813961	  0.871742	  0.123609	
0.034841	 92.509773	  0.786935	  0.907957	  0.162449	
0.040646	 92.509773	  0.786935	  0.939157	  0.162449	
0.046451	 92.899040	  0.799497	  0.974633	  0.178640	
0.052256	 94.084084	  0.810574	  0.938365	  0.184290	
0.058061	 96.105568	  0.798066	  0.934994	  0.189090	
0.063866	 96.105568	  0.798066	  0.838430	  0.189090	
0.069671	  0.000000	  0.786168	  0.000000	  0.202117	
0.075476	  0.000000	  0.786168	  0.000000	  0.202117	
0.081281	  0.000000	  0.786168	  0.000000	  0.202117	
0.087086	  0.000000	  0.796017	  0.000000	  0.206239	
0.092891	  0.000000	  0.796017	  0.000000	  0.206239	
0.098696	  0.000000	  0.805982	  0.000000	  0.216208	
0.104501	 73.960815	  0.805982	  0.460209	  0.216208	
0.110306	 73.472412	  0.810272	  0.489697	  0.214415	
0.116111	 73.153320	  0.809122	  0.455474	  0.215614	
0.121916	 73.120415	  0.802732	  0.577352	  0.214604	
0.127721	 73.047279	  0.831681	  0.435272	  0.214977	
0.133526	  0.000000	  0.821902	  0.000000	  0.204414	
0.139331	  0.000000	  0.821902	  0.000000	  0.204414	
0.145136	 72.834106	  0.802302	  0.289411	  0.198796	
0.150941	  0.000000	  0.799562	  0.000000	  0.171295	
0.156746	  0.000000	  0.799562	  0.000000	  0.171295	
0.162551	 73.399651	  0.800925	  0.301530	  0.172335	
0.168356	  0.000000	  0.800925	  0.000000	  0.172335	
0.174161	  0.000000	  0.801089	  0.000000	  0.165940	
0.179966	  0.000000	  0.803718	  0.000000	  0.162606	
0.185771	  0.000000	  0.803718	  0.000000	  0.162606	
0.191576	  0.000000	  0.831713	  0.000000	  0.152118	
0.197381	 98.884727	  0.831713	  0.248734	  0.152118	
0.203186	 98.706520	  0.806813	  0.521223	  0.144020	
0.208991	 84.682251	  0.810199	  0.381467	  0.139151	
0.214796	 84.226601	  0.821742	  0.243302	  0.140613	
0.220601	  0.000000	  0.810199	  0.000000	  0.139151	
0.226406	  0.000000	  0.805946	  0.000000	  0.140129	
0.232211	  0.000000	  0.805946	  0.000000	  0.140129	
0.238016	 84.146095	  0.819709	  0.301677	  0.157670	
0.243821	 84.146095	  0.819709	  0.502229	  0.157670	
0.249626	 84.146095	  0.819709	  0.239915	  0.157670	
0.255431	  0.000000	  0.815028	  0.000000	  0.159518	
0.261236	  0.000000	  0.817719	  0.000000	  0.157495	
0.267041	  0.000000	  0.817719	  0.000000	  0.157495	
0.272846	 84.106850	  0.817719	  0.268549	  0.157495	
0.278651	 84.629211	  0.805215	  0.271557	  0.134348	
0.284456	  0.000000	  0.805215	  0.000000	  0.134348	
0.290261	  0.000000	  0.805215	  0.000000	  0.134348	
0.296066	 86.282707	  0.816297	  0.324542	  0.128989	
0.301871	 87.572075	  0.823576	  0.258500	  0.128460	
0.307676	  0.000000	  0.816297	  0.000000	  0.128989	
0.313481	  0.000000	  0.856957	  0.000000	  0.140816	
0.319286	  0.000000	  0.856957	  0.000000	  0.140816	
0.325091	  0.000000	  0.856957	  0.000000	  0.140816	
0.330896	127.669975	  0.844496	  0.828708	  0.147848	
0.336701	129.372330	  0.858311	  0.629660	  0.206484	
0.342506	129.421921	  0.849674	  0.931637	  0.236041	
0.348311	133.084793	  0.886159	  0.802004	  0.282828	
0.354116	133.084793	  0.886159	  0.864336	  0.282828	
0.359921	132.397018	  0.840411	  0.877255	  0.301006	
0.365726	131.589142	  0.877429	  0.636006	  0.311551	
0.371531	130.984146	  0.876634	  0.843208	  0.316053	
0.377336	131.445465	  0.868605	  0.801086	  0.322740	
0.383141	130.984146	  0.876634	  0.666191	  0.316053	
0.388946	131.191208	  0.865782	  0.826743	  0.349633	
0.394751	130.411133	  0.889971	  0.721667	  0.346192	
0.400556	131.191208	  0.865782	  0.953837	  0.349633	
0.406361	129.356201	  0.873148	  0.790848	  0.373920	
0.412166	127.938744	  0.893315	  0.695040	  0.349757	
0.417971	127.938744	  0.893315	  1.000000	  0.349757	
0.423776	128.281845	  0.882802	  0.799385	  0.371772	
0.429580	128.281845	  0.882802	  0.513967	  0.371772	
0.435385	127.565002	  0.844077	  0.955029	  0.434519	
0.441190	127.565002	  0.844077	  0.978817	  0.434519	
0.446995	126.229530	  0.831147	  0.429405	  0.484586	
0.452800	125.772354	  0.875952	  0.901147	  0.518049	
0.458605	125.211540	  0.877009	  0.977857	  0.513010	
0.464410	124.803871	  0.864793	  0.479308	  0.483798	
0.470215	124.803871	  0.864793	  0.582957	  0.483798	
0.476020	125.142578	  0.887325	  0.804729	  0.512709	
0.481825	125.825111	  0.863309	  0.636978	  0.508564	
0.487630	125.825111	  0.863309	  0.482586	  0.508564	
0.493435	126.218536	  0.865580	  0.812966	  0.395572	
0.499240	126.218536	  0.865580	  0.577802	  0.395572	
0.505045	126.218536	  0.865580	  0.295922	  0.395572	
0.510850	144.977219	  0.835072	  0.367382	  0.256861	
0.516655	125.654442	  0.878739	  0.454703	  0.284452	
0.522460	132.149475	  0.820655	  0.554490	  0.265053	
0.528265	130.877136	  0.845136	  0.709084	  0.259185	
0.534070	131.325775	  0.892579	  0.497424	  0.251373	
0.539875	130.877136	  0.845136	  0.563921	  0.259185	
0.545680	131.325775	  0.892579	  0.512345	  0.251373	
0.551485	133.649063	  0.843024	  0.439834	  0.231015	
0.557290	133.649063	  0.843024	  0.584149	  0.231015	
0.563095	131.658615	  0.856283	  0.763814	  0.275394	
0.568900	131.658615	  0.856283	  0.676522	  0.275394	
0.574705	133.785233	  0.901804	  0.493895	  0.311584	
0.580510	133.785233	  0.901804	  0.720809	  0.311584	
0.586315	131.210373	  0.844228	  0.776789	  0.289660	
0.592120	129.969208	  0.844141	  0.512790	  0.284771	
0.597925	129.969208	  0.844141	  0.571282	  0.284771	
0.603730	125.724091	  0.825105	  0.458618	  0.268438	
0.609535	125.724091	  0.825105	  0.635305	  0.268438	
0.615340	128.363663	  0.875997	  0.524517	  0.264765	
0.621145	128.363663	  0.875997	  0.641417	  0.264765	
0.626950	125.341362	  0.855070	  0.913459	  0.293211	
0.632755	125.341362	  0.855070	  0.932239	  0.293211	
0.638560	124.916252	  0.877772	  0.477317	  0.274127	
0.644365	125.527374	  0.840590	  0.933914	  0.253751	
0.650170	125.527374	  0.840590	  0.924047	  0.253751	
0.655975	125.527374	  0.840590	  0.525360	  0.253751	
0.661780	127.011841	  0.880160	  0.904194	  0.312891	
0.667585	124.885803	  0.849101	  1.000000	  0.324941	
0.673390	127.011841	  0.880160	  0.699705	  0.312891	
0.679195	128.918762	  0.846802	  0.738230	  0.297297	
0.685000	128.918762	  0.846802	  0.995922	  0.297297	
0.690805	128.918762	  0.846802	  0.580592	  0.297297	
0.696610	128.180695	  0.845048	  0.823857	  0.330852	
0.702415	130.177719	  0.884489	  0.991316	  0.322801	
0.708220	128.598419	  0.872659	  0.689605	  0.334083	
0.714025	128.598419	  0.872659	  0.855834	  0.334083	
0.719830	128.071747	  0.862998	  0.797047	  0.318094	
0.725635	128.071747	  0.862998	  0.825988	  0.318094	
0.731440	127.446449	  0.833203	  0.767063	  0.305710	
0.737245	126.815331	  0.867836	  0.933575	  0.294618	
0.743050	126.815331	  0.867836	  0.901748	  0.294618	
0.748855	126.815331	  0.867836	  0.649216	  0.294618	
0.754660	126.168755	  0.832257	  0.808480	  0.284908	
0.760465	125.519600	  0.879293	  0.982732	  0.299692	
0.766270	123.245506	  0.879799	  0.732938	  0.256556	
0.772075	123.245506	  0.879799	  0.636661	  0.256556	
0.777880	125.311546	  0.845385	  1.000000	  0.244250	
0.783685	127.386429	  0.885536	  0.696965	  0.263729	
0.789490	127.386429	  0.885536	  0.519381	  0.263729	
0.795295	125.750702	  0.880502	  0.958985	  0.281466	
0.801100	125.750702	  0.880502	  0.981094	  0.281466	
0.806905	124.011917	  0.879841	  0.402393	  0.286881	
0.812710	124.444603	  0.835368	  0.425878	  0.213032	
0.818515	124.444603	  0.835368	  0.825239	  0.213032	
0.824320	124.444603	  0.835368	  0.255147	  0.213032	
0.830125	125.347610	  0.842363	  0.271348	  0.227449	
0.835930	124.790596	  0.873646	  0.978623	  0.231992	
0.841735	125.347610	  0.842363	  0.701344	  0.227449	
0.847540	133.876022	  0.886816	  0.514075	  0.210368	
0.853345	  0.000000	  0.886816	  0.000000	  0.210368	
0.859150	  0.000000	  0.798845	  0.000000	  0.177369	
0.864955	123.480789	  0.822964	  0.244008	  0.174766	
0.870760	149.980362	  0.815260	  0.560586	  0.158437	
0.876565	  0.000000	  0.830983	  0.000000	  0.225797	
0.882370	132.791870	  0.859280	  0.665338	  0.270672	
0.888175	132.791870	  0.859280	  0.424430	  0.270672	
0.893980	  0.000000	  0.817077	  0.000000	  0.185591	
0.899785	  0.000000	  0.817077	  0.000000	  0.185591	
0.905590	  0.000000	  0.813029	  0.000000	  0.226512	
0.911395	149.953445	  0.813029	  0.254083	  0.226512	
0.917200	  0.000000	  0.813029	  0.000000	  0.226512	
0.923005	128.909195	  0.887795	  0.330339	  0.403677	
0.928810	123.867889	  0.846147	  0.506463	  0.367204	
0.934615	128.255585	  0.871919	  0.349323	  0.452043	
0.940420	  0.000000	  0.846779	  0.000000	  0.460239	
0.946224	124.530876	  0.846779	  0.535665	  0.460239	
0.952029	  0.000000	  0.816962	  0.000000	  0.477696	
0.957834	  0.000000	  0.816962	  0.000000	  0.477696	
0.963639	123.155769	  0.829012	  0.752069	  0.480244	
0.969444	123.155769	  0.829012	  0.488428	  0.480244	
0.975249	119.225868	  0.836882	  0.687122	  0.555093	
0.981054	119.225868	  0.836882	  0.535951	  0.555093	
0.986859	121.952293	  0.813529	  0.738466	  0.508325	
0.992664	123.684288	  0.871833	  0.920948	  0.555783	
0.998469	122.538559	  0.827797	  0.509387	  0.524589	
1.004274	124.955956	  0.824283	  0.745626	  0.522585	
1.010079	124.955956	  0.824283	  1.000000	  0.522585	
1.015884	127.561073	  0.860047	  0.632987	  0.564194	
1.021689	127.561073	  0.860047	  0.612720	  0.564194	
1.027494	123.785538	  0.873618	  0.933683	  0.542244	
1.033299	122.221237	  0.799470	  0.861971	  0.478980	
1.039104	122.221237	  0.799470	  0.521665	  0.478980	
1.044909	124.186569	  0.803072	  0.717165	  0.439706	
1.050714	126.697021	  0.800924	  0.972861	  0.424274	
1.056519	126.662483	  0.855986	  0.699169	  0.440692	
1.062324	126.662483	  0.855986	  0.552388	  0.440692	
1.068129	122.657303	  0.841371	  0.869052	  0.396857	
1.073934	122.657303	  0.841371	  0.795523	  0.396857	
1.079739	122.657303	  0.841371	  0.468917	  0.396857	
1.085544	122.378593	  0.796477	  0.585143	  0.302062	
1.091349	122.378593	  0.796477	  0.599752	  0.302062	
1.097154	122.378593	  0.796477	  0.609506	  0.302062	
1.102959	119.731659	  0.851618	  0.490213	  0.328744	
1.108764	119.731659	  0.851618	  0.689994	  0.328744	
1.114569	123.017143	  0.859904	  0.686000	  0.253415	
1.120374	123.017143	  0.859904	  0.285524	  0.253415	
1.126179	120.898010	  0.800193	  0.504079	  0.192418	
1.131984	120.898010	  0.800193	  0.259881	  0.192418	
1.137789	120.898010	  0.800193	  0.498928	  0.192418	
1.143594	120.715355	  0.857063	  0.565311	  0.199105	
1.149399	120.715355	  0.857063	  0.272098	  0.199105	
1.155204	125.199684	  0.803832	  0.405463	  0.185353	
1.161009	125.199684	  0.803832	  0.403912	  0.185353	
1.166814	119.880936	  0.800279	  0.559556	  0.163401	
1.172619	  0.000000	  0.800279	  0.000000	  0.163401	
1.178424	120.144691	  0.816769	  0.425811	  0.167570	
1.184229	123.640175	  0.819733	  0.598957	  0.152565	
1.190034	  0.000000	  0.852906	  0.000000	  0.217535	
1.195839	124.536224	  0.814400	  0.448925	  0.219825	
1.201644	124.536224	  0.814400	  0.831764	  0.219825	
1.207449	127.755409	  0.871581	  0.711002	  0.223010	
1.213254	127.755409	  0.871581	  0.295940	  0.223010	
1.219059	122.891586	  0.809334	  0.617989	  0.228587	
1.224864	122.891586	  0.809334	  0.979343	  0.228587	
1.230669	126.386711	  0.852309	  0.327093	  0.274666	
1.236474	126.386711	  0.852309	  0.553048	  0.274666	
1.242279	126.386711	  0.852309	  1.000000	  0.274666	
1.248084	126.728516	  0.862690	  0.779870	  0.299647	
1.253889	126.728516	  0.862690	  0.440498	  0.299647	
1.259694	 50.187481	  0.799031	  1.000000	  0.319049	
1.265499	 50.187481	  0.799031	  1.000000	  0.319049	
1.271304	115.135880	  0.796487	  0.257838	  0.327227	
1.277109	126.121162	  0.855410	  0.627076	  0.299779	
1.282914	127.534378	  0.869558	  0.967299	  0.328384	
1.288719	127.534378	  0.869558	  0.801180	  0.328384	
1.294524	125.919678	  0.858254	  0.463630	  0.319340	
1.300329	122.936256	  0.839920	  1.000000	  0.308004	
1.306134	122.936256	  0.839920	  0.832738	  0.308004	
1.311939	122.936256	  0.839920	  0.569619	  0.308004	
1.317744	125.394958	  0.857501	  0.873026	  0.293805	
1.323549	124.113358	  0.861225	  0.623963	  0.304828	
1.329354	127.139648	  0.856214	  0.796022	  0.301388	
1.335159	124.113358	  0.861225	  0.588175	  0.304828	
1.340964	123.011543	  0.867950	  0.712580	  0.254340	
1.346769	123.011543	  0.867950	  0.713178	  0.254340	
1.352574	123.011543	  0.867950	  0.567346	  0.254340	
1.358379	127.000404	  0.781034	  0.537292	  0.218617	
1.364184	123.987717	  0.869248	  0.480555	  0.227903	
1.369989	127.996544	  0.869955	  0.760734	  0.225181	
1.375794	128.451691	  0.807972	  0.667520	  0.193372	
1.381599	128.451691	  0.807972	  0.324837	  0.193372	
1.387404	123.316376	  0.866225	  0.503871	  0.168751	
1.393209	123.316376	  0.866225	  0.605732	  0.168751	
1.399014	  0.000000	  0.866372	  0.000000	  0.136488	
1.404819	128.671997	  0.866372	  0.366893	  0.136488	
1.410624	128.671997	  0.866372	  0.661880	  0.136488	
1.416429	124.403465	  0.797303	  0.636182	  0.133734	
1.422234	  0.000000	  0.800056	  0.000000	  0.110350	
1.428039	  0.000000	  0.809507	  0.000000	  0.080343	
1.433844	  0.000000	  0.809507	  0.000000	  0.080343	
1.439649	  0.000000	  0.809507	  0.000000	  0.080343	
1.445454	  0.000000	  0.805864	  0.000000	  0.078297	
1.451259	122.664955	  0.805864	  0.231262	  0.078297	
1.457063	122.664955	  0.805864	  0.411284	  0.078297	
1.462868	  0.000000	  0.874537	  0.000000	  0.088967	
1.468673	  0.000000	  0.874537	  0.000000	  0.088967	
1.474478	121.349869	  0.804803	  0.650452	  0.087733	
1.480283	121.349869	  0.804803	  0.345366	  0.087733	
1.486088	  0.000000	  0.804803	  0.000000	  0.087733	
1.491893	123.978966	  0.816131	  0.542540	  0.100336	
1.497698	123.978966	  0.816131	  0.795663	  0.100336	
1.503503	126.502144	  0.868650	  0.344073	  0.122157	
1.509308	126.502144	  0.868650	  0.464320	  0.122157	
1.515113	123.282692	  0.811767	  1.000000	  0.128119	
1.520918	123.282692	  0.811767	  0.767458	  0.128119	
1.526723	122.583420	  0.858952	  0.465778	  0.134951	
1.532528	123.332115	  0.873084	  1.000000	  0.144672	
1.538333	123.332115	  0.873084	  0.769427	  0.144672	
1.544138	123.332115	  0.873084	  0.668302	  0.144672	
1.549943	121.420761	  0.851696	  0.835468	  0.169204	
1.555748	121.420761	  0.851696	  0.795081	  0.169204	
1.561553	124.087570	  0.868411	  0.859010	  0.165310	
1.567358	124.087570	  0.868411	  0.756727	  0.165310	
1.573163	122.594933	  0.858377	  0.787179	  0.166501	
1.578968	122.594933	  0.858377	  0.765077	  0.166501	
1.584773	122.594933	  0.858377	  0.930942	  0.166501	
1.590578	123.330688	  0.868293	  1.000000	  0.174172	
1.596383	123.945168	  0.871791	  0.633519	  0.175451	
1.602188	127.493713	  0.804416	  0.855033	  0.156146	
1.607993	127.493713	  0.804416	  1.000000	  0.156146	
1.613798	127.493713	  0.804416	  0.604955	  0.156146	
1.619603	125.342621	  0.861920	  0.692104	  0.157855	
1.625408	125.342621	  0.861920	  1.000000	  0.157855	
1.631213	125.492393	  0.856968	  0.766486	  0.160715	
1.637018	126.199471	  0.857993	  0.523953	  0.157337	
1.642823	126.199471	  0.857993	  1.000000	  0.157337	
1.648628	127.929672	  0.800069	  1.000000	  0.143231	
1.654433	124.443626	  0.808839	  0.499467	  0.138747	
1.660238	 50.333771	  0.805011	  1.000000	  0.133494	
1.666043	 50.333771	  0.805011	  1.000000	  0.133494	
1.671848	126.063545	  0.862350	  0.640223	  0.118205	
1.677653	126.063545	  0.862350	  0.296876	  0.118205	
1.683458	124.189911	  0.795612	  0.934397	  0.103902	
1.689263	124.189911	  0.795612	  0.761662	  0.103902	
1.695068	124.189911	  0.795612	  0.260082	  0.103902	
1.700873	 79.137924	  0.815305	  0.606136	  0.102113	
1.706678	 79.137924	  0.815305	  0.302751	  0.102113	
1.712483	 51.155407	  0.809404	  0.764918	  0.091899	
1.718288	 51.155407	  0.809404	  0.948675	  0.091899	
1.724093	 51.155407	  0.809404	  1.000000	  0.091899	
1.729898	134.138123	  0.801574	  0.743845	  0.080573	
1.735703	151.456100	  0.863645	  0.610508	  0.077224	
1.741508	151.456100	  0.863645	  0.856965	  0.077224	
1.747313	151.425568	  0.790474	  0.589738	  0.070688	
1.753118	151.425568	  0.790474	  0.710550	  0.070688	
1.758923	151.776154	  0.791426	  0.706683	  0.068834	
1.764728	151.776154	  0.791426	  1.000000	  0.068834	
1.770533	150.780502	  0.871890	  0.723629	  0.073497	
1.776338	134.723236	  0.787443	  0.630202	  0.081614	
1.782143	 79.054184	  0.806836	  0.525169	  0.085575	
1.787948	 79.054184	  0.806836	  0.358196	  0.085575	
1.793753	 50.746502	  0.794104	  0.980519	  0.085697	
1.799558	 50.583946	  0.816576	  1.000000	  0.097813	
1.805363	 50.583946	  0.816576	  0.944040	  0.097813	
1.811168	124.344307	  0.788184	  0.386598	  0.093031	
1.816973	124.344307	  0.788184	  0.582717	  0.093031	
1.822778	124.344307	  0.788184	  0.737120	  0.093031	
1.828583	122.697853	  0.861222	  0.295141	  0.103142	
1.834388	122.697853	  0.861222	  0.562767	  0.103142	
1.840193	 50.381977	  0.806550	  1.000000	  0.116201	
1.845998	 50.381977	  0.806550	  0.836184	  0.116201	
1.851803	 50.381977	  0.806550	  0.679100	  0.116201	
1.857608	 50.270844	  0.788235	  1.000000	  0.122763	
1.863413	 50.270844	  0.788235	  1.000000	  0.122763	
1.869218	252.160477	  0.858669	  0.738018	  0.116749	
1.875023	252.160477	  0.858669	  1.000000	  0.116749	
1.880828	250.558685	  0.859473	  0.958539	  0.112970	
1.886633	250.253372	  0.862340	  0.713106	  0.116813	
1.892438	250.253372	  0.862340	  0.833232	  0.116813	
1.898243	250.253372	  0.862340	  0.904624	  0.116813	
1.904048	250.662384	  0.861271	  0.940102	  0.117641	
1.909853	250.662384	  0.861271	  0.752421	  0.117641	
1.915658	123.559952	  0.869778	  1.000000	  0.109795	
1.921463	123.559952	  0.869778	  0.929839	  0.109795	
1.927268	123.559952	  0.869778	  0.611862	  0.109795	
1.933073	122.347809	  0.853669	  0.799360	  0.105640	
1.938878	122.347809	  0.853669	  0.833775	  0.105640	
1.944683	123.720177	  0.857462	  0.794308	  0.100700	
1.950488	123.720177	  0.857462	  0.626868	  0.100700	
1.956293	123.015175	  0.862731	  0.921316	  0.084713	
1.962098	122.044464	  0.831945	  0.767019	  0.080943	
1.967902	122.044464	  0.831945	  0.783112	  0.080943	
1.973707	120.618660	  0.841055	  0.777335	  0.075084	
1.979512	120.618660	  0.841055	  0.449091	  0.075084	
1.985317	120.618660	  0.841055	  0.734611	  0.075084	
1.991122	 82.615494	  0.845296	  0.828865	  0.064563	
1.996927	 82.615494	  0.845296	  0.637646	  0.064563	
2.002732	 82.615494	  0.845296	  0.442469	  0.064563	
2.008537	 50.684803	  0.812045	  1.000000	  0.046400	
2.014342	 50.684803	  0.812045	  0.916120	  0.046400	
2.020147	 50.684803	  0.812045	  0.468771	  0.046400	
2.025952	 50.582947	  0.808422	  1.000000	  0.042556	
2.031757	 50.582947	  0.808422	  1.000000	  0.042556	
2.037562	148.518677	  0.865022	  0.371850	  0.031406	
2.043367	148.518677	  0.865022	  0.436631	  0.031406	
2.049172	  0.000000	  0.865022	  0.000000	  0.031406	
2.054977	150.125336	  0.781814	  0.261084	  0.028927	
2.060782	150.125336	  0.781814	  0.380539	  0.028927	
2.066587	 77.950523	  0.780177	  0.368062	  0.035038	
2.072392	 77.950523	  0.780177	  0.527600	  0.035038	
2.078197	150.995895	  0.854608	  0.424667	  0.035775	
2.084002	150.995895	  0.854608	  0.354612	  0.035775	
2.089807	 50.480419	  0.824417	  1.000000	  0.047973	
2.095612	 50.480419	  0.824417	  1.000000	  0.047973	
2.101417	 50.485374	  0.811850	  0.486953	  0.051808	
2.107222	 50.485374	  0.811850	  1.000000	  0.051808	
2.113027	 50.485374	  0.811850	  1.000000	  0.051808	
2.118832	 50.840538	  0.812883	  0.626841	  0.061950	
2.124637	 50.840538	  0.812883	  0.866742	  0.061950	
2.130442	 50.840538	  0.812883	  1.000000	  0.061950	
2.136247	123.496063	  0.856384	  0.642219	  0.060402	
2.142052	123.496063	  0.856384	  0.307364	  0.060402	
2.147857	 50.580952	  0.806294	  1.000000	  0.067270	
2.153662	 50.580952	  0.806294	  1.000000	  0.067270	
2.159467	 62.525978	  0.806062	  0.621664	  0.071972	
2.165272	 62.525978	  0.806062	  1.000000	  0.071972	
2.171077	  0.000000	  0.806062	  0.000000	  0.071972	
2.176882	  0.000000	  0.805035	  0.000000	  0.072914	
2.182687	 50.578278	  0.811363	  0.581335	  0.071750	
2.188492	 50.578278	  0.811363	  1.000000	  0.071750	
2.194297	 50.578278	  0.811363	  0.755849	  0.071750	
2.200102	 50.705898	  0.807989	  1.000000	  0.072311	
2.205907	 50.705898	  0.807989	  1.000000	  0.072311	
2.211712	123.595886	  0.854457	  0.442470	  0.067217	
2.217517	123.595886	  0.854457	  0.688011	  0.067217	
2.223322	 50.411591	  0.811743	  1.000000	  0.067214	
2.229127	 50.411591	  0.811743	  0.871590	  0.067214	
2.234932	 50.411591	  0.811743	  0.721412	  0.067214	
2.240737	 50.403984	  0.808820	  1.000000	  0.063331	
2.246542	 50.403984	  0.808820	  1.000000	  0.063331	
2.252347	 50.403984	  0.808820	  0.536325	  0.063331	
2.258152	 50.289486	  0.815835	  1.000000	  0.055360	
2.263957	 50.289486	  0.815835	  1.000000	  0.055360	
2.269762	 50.289486	  0.815835	  0.600885	  0.055360	
2.275567	 50.374512	  0.824820	  0.835623	  0.049668	
2.281372	 50.374512	  0.824820	  1.000000	  0.049668	
2.287177	257.159546	  0.771024	  0.774350	  0.037925	
2.292982	257.159546	  0.771024	  0.732152	  0.037925	
2.298787	 50.426430	  0.809189	  1.000000	  0.041217	
2.304592	 50.426430	  0.809189	  1.000000	  0.041217	
2.310397	 50.709480	  0.805385	  0.499674	  0.033748	
2.316202	 50.709480	  0.805385	  0.876574	  0.033748	
2.322007	 50.709480	  0.805385	  1.000000	  0.033748	
2.327812	150.925934	  0.863082	  0.534407	  0.024227	
2.333617	150.925934	  0.863082	  0.479552	  0.024227	
2.339422	  0.000000	  0.769396	  0.000000	  0.019549	
2.345227	124.531868	  0.769396	  0.361197	  0.019549	
2.351032	150.791229	  0.866560	  0.556859	  0.022531	
2.356837	150.791229	  0.866560	  0.514782	  0.022531	
2.362642	 60.223808	  0.787795	  1.000000	  0.020915	
2.368447	 51.453651	  0.785328	  1.000000	  0.023134	
2.374252	 60.223808	  0.787795	  0.396496	  0.020915	
2.380057	 62.714302	  0.811968	  0.775040	  0.024118	
2.385862	122.942207	  0.840051	  0.434858	  0.025661	
2.391667	122.942207	  0.840051	  0.454192	  0.025661	
2.397472	 63.498802	  0.820767	  0.785675	  0.028777	
2.403277	 63.498802	  0.820767	  0.831702	  0.028777	
2.409082	 50.624763	  0.807770	  0.877843	  0.029317	
2.414887	 63.147346	  0.819227	  0.887874	  0.033509	
2.420692	 63.147346	  0.819227	  0.910964	  0.033509	
2.426497	123.217026	  0.851526	  0.607946	  0.038020	
2.432302	123.217026	  0.851526	  0.874646	  0.038020	
2.438107	123.217026	  0.851526	  1.000000	  0.038020	
2.443912	250.166153	  0.870861	  0.741668	  0.038996	
2.449717	250.166153	  0.870861	  0.959022	  0.038996	
2.455522	249.792480	  0.861862	  0.898374	  0.040398	
2.461327	249.792480	  0.861862	  0.776888	  0.040398	
2.467132	249.792480	  0.861862	  0.799476	  0.040398	
2.472937	249.953278	  0.872458	  1.000000	  0.043014	
2.478741	249.953278	  0.872458	  0.998163	  0.043014	
2.484546	251.399551	  0.870633	  0.774007	  0.042082	
2.490351	251.399551	  0.870633	  0.971594	  0.042082	
2.496156	250.759598	  0.858578	  0.990320	  0.039976	
2.501961	 50.332184	  0.793795	  0.731867	  0.040848	
2.507766	 50.332184	  0.793795	  0.978387	  0.040848	
2.513571	 50.332184	  0.793795	  1.000000	  0.040848	
2.519376	123.475060	  0.841167	  0.745302	  0.040225	
2.525181	123.475060	  0.841167	  0.486315	  0.040225	
2.530986	123.083015	  0.855278	  1.000000	  0.036072	
2.536791	123.083015	  0.855278	  0.724563	  0.036072	
2.542596	123.083015	  0.855278	  0.544714	  0.036072	
2.548401	 62.250210	  0.811618	  1.000000	  0.035331	
2.554206	 62.250210	  0.811618	  0.853702	  0.035331	
2.560011	 50.451855	  0.812170	  0.724027	  0.032418	
2.565816	 50.776695	  0.811158	  1.000000	  0.030612	
2.571621	 50.776695	  0.811158	  1.000000	  0.030612	
2.577426	 50.776695	  0.811158	  0.735400	  0.030612	
2.583231	 50.680206	  0.806265	  1.000000	  0.026961	
2.589036	 50.680206	  0.806265	  1.000000	  0.026961	
2.594841	 50.680206	  0.806265	  0.641887	  0.026961	
2.600646	 50.537857	  0.821983	  0.918868	  0.023223	
2.606451	 50.537857	  0.821983	  1.000000	  0.023223	
2.612256	 50.990501	  0.790580	  0.411928	  0.023080	
2.618061	 60.692081	  0.792512	  0.542800	  0.021438	
2.623866	 60.692081	  0.792512	  1.000000	  0.021438	
2.629671	 60.692081	  0.792512	  0.919975	  0.021438	
2.635476	 50.862198	  0.789581	  0.519372	  0.018219	
2.641281	301.756927	  0.784490	  0.919485	  0.016230	
2.647086	301.756927	  0.784490	  0.811177	  0.016230	
2.652891	302.837860	  0.851170	  0.933442	  0.017254	
2.658696	303.835815	  0.851884	  0.898535	  0.017819	
2.664501	303.835815	  0.851884	  0.928457	  0.017819	
2.670306	305.961426	  0.789246	  0.808625	  0.017100	
2.676111	304.972198	  0.844375	  0.876688	  0.016059	
2.681916	304.972198	  0.844375	  0.829185	  0.016059	
2.687721	 50.793098	  0.783427	  1.000000	  0.020154	
2.693526	 50.793098	  0.783427	  0.760370	  0.020154	
2.699331	 50.793098	  0.783427	  0.484936	  0.020154	
2.705136	 50.416344	  0.808918	  1.000000	  0.021051	
2.710941	 50.416344	  0.808918	  1.000000	  0.021051	
2.716746	 50.393806	  0.816056	  0.502414	  0.020391	
2.722551	 50.343819	  0.814431	  1.000000	  0.022399	
2.728356	 50.343819	  0.814431	  1.000000	  0.022399	
2.734161	251.596603	  0.845280	  0.753066	  0.021167	
2.739966	251.596603	  0.845280	  0.721739	  0.021167	
2.745771	251.596603	  0.845280	  0.998691	  0.021167	
2.751576	251.672058	  0.858834	  0.967959	  0.022527	
2.757381	251.672058	  0.858834	  0.744316	  0.022527	
2.763186	 50.435574	  0.821635	  1.000000	  0.023954	
2.768991	 50.435574	  0.821635	  1.000000	  0.023954	
2.774796	 50.675327	  0.807611	  0.710653	  0.024627	
2.780601	251.417969	  0.874979	  0.731306	  0.023446	
2.786406	123.678108	  0.851258	  0.893667	  0.024527	
2.792211	249.816025	  0.867608	  0.992913	  0.024084	
2.798016	123.678108	  0.851258	  0.635961	  0.024527	
2.803821	249.816025	  0.867608	  0.793613	  0.024084	
2.809626	123.119598	  0.851552	  0.752114	  0.023591	
2.815431	123.119598	  0.851552	  0.787111	  0.023591	
2.821236	123.119598	  0.851552	  1.000000	  0.023591	
2.827041	123.534668	  0.837868	  0.650656	  0.022295	
2.832846	250.232468	  0.861447	  1.000000	  0.022620	
2.838651	123.534668	  0.837868	  1.000000	  0.022295	
2.844456	250.547485	  0.875166	  0.760055	  0.019215	
2.850261	124.579376	  0.789163	  0.695282	  0.017936	
2.856066	249.456970	  0.874395	  0.929823	  0.018416	
2.861871	249.456970	  0.874395	  0.908564	  0.018416	
2.867676	251.859924	  0.870235	  0.747579	  0.017174	
2.873481	251.859924	  0.870235	  1.000000	  0.017174	
2.879286	251.523834	  0.859693	  1.000000	  0.013929	
2.885091	 50.319019	  0.794302	  0.630257	  0.014127	
2.890896	 50.402805	  0.828707	  0.861755	  0.013542	
2.896701	 50.402805	  0.828707	  1.000000	  0.013542	
2.902506	 50.659134	  0.779591	  0.838121	  0.012478	
2.908311	 50.871239	  0.808914	  0.587019	  0.011190	
2.914116	 50.659134	  0.779591	  1.000000	  0.012478	
2.919921	 50.871239	  0.808914	  1.000000	  0.011190	
2.925726	 51.053772	  0.795506	  0.578294	  0.009989	
2.931531	 51.053772	  0.795506	  0.900689	  0.009989	
2.937336	 51.053772	  0.795506	  1.000000	  0.009989	
2.943141	302.148712	  0.783919	  0.942423	  0.008517	
2.948946	302.148712	  0.783919	  0.908563	  0.008517	
2.954751	 51.186821	  0.792758	  1.000000	  0.009405	
2.960556	 51.186821	  0.792758	  1.000000	  0.009405	
2.966361	301.772949	  0.851544	  0.926872	  0.009229	
2.972166	301.772949	  0.851544	  0.622564	  0.009229	
2.977971	302.221527	  0.788909	  0.625019	  0.009250	
2.983776	 50.739414	  0.805010	  0.921670	  0.010410	
2.989580	 50.775471	  0.809676	  0.868675	  0.011964	
2.995385	 50.775471	  0.809676	  1.000000	  0.011964	
3.001190	 50.775471	  0.809676	  0.896221	  0.011964	
3.006995	 50.721542	  0.831816	  0.768886	  0.013496	
3.012800	 50.562042	  0.818110	  1.000000	  0.014001	
3.018605	 50.562042	  0.818110	  1.000000	  0.014001	
3.024410	 50.229153	  0.796304	  0.717645	  0.014622	
3.030215	 50.229153	  0.796304	  1.000000	  0.014622	
3.036020	 50.605915	  0.812564	  1.000000	  0.014910	
3.041825	 50.605915	  0.812564	  0.656214	  0.014910	
3.047630	 50.602123	  0.806248	  1.000000	  0.015816	
3.053435	 50.602123	  0.806248	  1.000000	  0.015816	
3.059240	 50.602123	  0.806248	  0.710474	  0.015816	
3.065045	 50.340603	  0.828321	  0.775358	  0.016226	
3.070850	 50.340603	  0.828321	  1.000000	  0.016226	
3.076655	 50.342232	  0.809334	  0.942355	  0.016417	
3.082460	 50.342232	  0.809334	  0.594879	  0.016417	
3.088265	 50.348408	  0.819863	  1.000000	  0.016092	
3.094070	 50.348408	  0.819863	  1.000000	  0.016092	
3.099875	 50.348408	  0.819863	  0.559051	  0.016092	
3.105680	 50.401588	  0.827147	  1.000000	  0.015424	
3.111485	 50.401588	  0.827147	  1.000000	  0.015424	
3.117290	251.154724	  0.857590	  0.781852	  0.013549	
3.123095	251.154724	  0.857590	  0.766745	  0.013549	
3.128900	255.406555	  0.778375	  0.974107	  0.012320	
3.134705	252.677078	  0.863218	  0.907951	  0.012485	
3.140510	252.677078	  0.863218	  0.763556	  0.012485	
3.146315	 50.406807	  0.809113	  1.000000	  0.013371	
3.152120	 50.406807	  0.809113	  1.000000	  0.013371	
3.157925	 50.557175	  0.811008	  0.616769	  0.011955	
3.163730	 50.557175	  0.811008	  1.000000	  0.011955	
3.169535	 50.557175	  0.811008	  1.000000	  0.011955	
3.175340	 50.346016	  0.785179	  0.452961	  0.010773	
3.181145	 62.153240	  0.815855	  0.589704	  0.009744	
3.186950	 50.346016	  0.785179	  1.000000	  0.010773	
3.192755	 62.153240	  0.815855	  0.619728	  0.009744	
3.198560	 50.839684	  0.822181	  0.519032	  0.008065	
3.204365	 50.839684	  0.822181	  0.870355	  0.008065	
3.210170	 50.839684	  0.822181	  0.740402	  0.008065	
3.215975	  0.000000	  0.804932	  0.000000	  0.006642	
3.221780	  0.000000	  0.822479	  0.000000	  0.006115	
3.227585	  0.000000	  0.822479	  0.000000	  0.006115	
3.233390	  0.000000	  0.777835	  0.000000	  0.003987	
3.239195	  0.000000	  0.777835	  0.000000	  0.003987	
3.245000	  0.000000	  0.777835	  0.000000	  0.003987	
3.250805	 59.953445	  0.794018	  0.385246	  0.004384	
3.256610	 78.659691	  0.790794	  0.534625	  0.004613	
3.262415	 59.953445	  0.794018	  0.745848	  0.004384	
3.268220	 78.659691	  0.790794	  0.469913	  0.004613	
3.274025	  0.000000	  0.807820	  0.000000	  0.004959	
3.279830	 50.814766	  0.832120	  1.000000	  0.005312	
3.285635	 50.814766	  0.832120	  1.000000	  0.005312	
3.291440	 50.935692	  0.799900	  0.596440	  0.005803	
3.297245	 50.935692	  0.799900	  0.825388	  0.005803	
3.303050	255.856598	  0.781831	  0.910212	  0.005648	
3.308855	252.449341	  0.841046	  0.673046	  0.006332	
3.314660	252.449341	  0.841046	  0.733197	  0.006332	
3.320465	 50.382984	  0.814403	  1.000000	  0.007319	
3.326270	 50.382984	  0.814403	  1.000000	  0.007319	
3.332075	 50.420399	  0.816533	  0.589083	  0.007912	
3.337880	 50.420399	  0.816533	  1.000000	  0.007912	
3.343685	 50.420399	  0.816533	  1.000000	  0.007912	
3.349490	250.013596	  0.867781	  0.882962	  0.008234	
3.355295	250.013596	  0.867781	  0.729266	  0.008234	
3.361100	123.823341	  0.835651	  1.000000	  0.008498	
3.366905	123.823341	  0.835651	  0.737017	  0.008498	
3.372710	123.823341	  0.835651	  0.528692	  0.008498	
3.378515	 62.257092	  0.805894	  1.000000	  0.008827	
3.384320	 62.257092	  0.805894	  0.867792	  0.008827	
3.390125	 50.621986	  0.821253	  0.757084	  0.008881	
3.395930	 50.621986	  0.821253	  1.000000	  0.008881	
3.401735	 50.621986	  0.821253	  0.974994	  0.008881	
3.407540	 50.318626	  0.803583	  0.702058	  0.008987	
3.413345	 50.621479	  0.808779	  1.000000	  0.008509	
3.419150	 50.621479	  0.808779	  1.000000	  0.008509	
3.424955	 50.621479	  0.808779	  0.703526	  0.008509	
3.430760	 50.595139	  0.812114	  1.000000	  0.008061	
3.436565	 50.595139	  0.812114	  1.000000	  0.008061	
3.442370	 50.595139	  0.812114	  0.710006	  0.008061	
3.448175	 50.414509	  0.837017	  0.782425	  0.007500	
3.453980	 50.414509	  0.837017	  1.000000	  0.007500	
3.459785	 50.497917	  0.803265	  0.912141	  0.007354	
3.465590	 50.497917	  0.803265	  0.591007	  0.007354	
3.471395	 50.408779	  0.816779	  1.000000	  0.006563	
3.477200	 50.408779	  0.816779	  1.000000	  0.006563	
3.483005	 50.408779	  0.816779	  0.491500	  0.006563	
3.488810	 50.527325	  0.826722	  1.000000	  0.005769	
3.494615	 50.527325	  0.826722	  1.000000	  0.005769	
3.500420	298.295502	  0.762876	  0.409414	  0.004367	
3.506224	298.295502	  0.762876	  0.431922	  0.004367	
3.512029	  0.000000	  0.765194	  0.000000	  0.004395	
3.517834	299.144836	  0.766085	  0.489943	  0.004149	
3.523639	301.380249	  0.767119	  0.880177	  0.003981	
3.529444	301.380249	  0.767119	  0.495276	  0.003981	
3.535249	301.380249	  0.767119	  0.717783	  0.003981	
3.541054	304.878937	  0.802063	  0.902736	  0.004057	
3.546859	304.878937	  0.802063	  0.877151	  0.004057	
3.552664	 75.184441	  0.789973	  0.976155	  0.003885	
3.558469	 75.184441	  0.789973	  0.767006	  0.003885	
3.564274	 78.540924	  0.769765	  0.401188	  0.003894	
3.570079	 78.540924	  0.769765	  0.634444	  0.003894	
3.575884	 78.540924	  0.769765	  0.869458	  0.003894	
3.581689	302.419586	  0.762441	  0.885609	  0.003345	
3.587494	302.419586	  0.762441	  0.491154	  0.003345	
3.593299	 61.028687	  0.786245	  1.000000	  0.004234	
3.599104	 61.028687	  0.786245	  0.899412	  0.004234	
3.604909	 61.028687	  0.786245	  0.487465	  0.004234	
3.610714	 50.695980	  0.821919	  1.000000	  0.004181	
3.616519	  0.000000	  0.821919	  0.000000	  0.004181	
3.622324	  0.000000	  0.800659	  0.000000	  0.004560	
3.628129	  0.000000	  0.800659	  0.000000	  0.004560	
3.633934	 79.581810	  0.800659	  0.781437	  0.004560	
3.639739	 78.605057	  0.772441	  0.415770	  0.004885	
3.645544	 80.513977	  0.820456	  0.479883	  0.004789	
3.651349	 80.513977	  0.820456	  0.662421	  0.004789	
3.657154	 83.247375	  0.843619	  0.458005	  0.004627	
3.662959	  0.000000	  0.843619	  0.000000	  0.004627	
3.668764	  0.000000	  0.812372	  0.000000	  0.004797	
3.674569	  0.000000	  0.821283	  0.000000	  0.004937	
3.680374	123.538528	  0.787585	  0.672419	  0.004678	
3.686179	 84.621277	  0.821283	  0.872853	  0.004937	
3.691984	 83.591103	  0.832821	  0.876005	  0.004867	
3.697789	 83.591103	  0.832821	  0.686804	  0.004867	
3.703594	122.810463	  0.850353	  0.890247	  0.005045	
3.709399	250.931030	  0.836682	  1.000000	  0.004739	
3.715204	250.931030	  0.836682	  0.809648	  0.004739	
3.721009	249.717255	  0.836505	  0.938747	  0.004708	
3.726814	 83.385994	  0.816784	  0.946749	  0.004450	
3.732619	 83.198914	  0.818329	  0.710547	  0.004362	
3.738424	 83.198914	  0.818329	  0.740662	  0.004362	
3.744229	 83.198914	  0.818329	  0.938739	  0.004362	
3.750034	  0.000000	  0.811606	  0.000000	  0.003929	
3.755839	  0.000000	  0.811606	  0.000000	  0.003929	
3.761644	 50.610485	  0.798980	  0.393206	  0.003907	
3.767449	  0.000000	  0.798980	  0.000000	  0.003907	
3.773254	  0.000000	  0.808990	  0.000000	  0.003485	
3.779059	  0.000000	  0.808990	  0.000000	  0.003485	
3.784864	  0.000000	  0.808990	  0.000000	  0.003485	
3.790669	  0.000000	  0.788459	  0.000000	  0.003380	
3.796474	  0.000000	  0.800258	  0.000000	  0.002970	
3.802279	 50.348114	  0.773895	  0.742732	  0.003149	
3.808084	 50.827995	  0.800258	  0.399431	  0.002970	
3.813889	 50.724850	  0.813952	  0.232973	  0.002608	
3.819694	  0.000000	  0.763613	  0.000000	  0.002938	
3.825499	 78.923607	  0.773129	  0.350580	  0.002661	
3.831304	 78.923607	  0.773129	  0.371572	  0.002661	
3.837109	  0.000000	  0.777883	  0.000000	  0.002409	
3.842914	 77.905914	  0.777883	  0.640790	  0.002409	
3.848719	 51.144272	  0.786537	  0.601146	  0.002430	
3.854524	 77.653862	  0.787010	  0.691084	  0.002389	
3.860329	 77.653862	  0.787010	  0.885811	  0.002389	
3.866134	301.747894	  0.804890	  0.879564	  0.002346	
3.871939	301.747894	  0.804890	  0.919204	  0.002346	
3.877744	 78.100739	  0.799916	  0.820389	  0.002628	
3.883549	 78.100739	  0.799916	  0.693880	  0.002628	
3.889354	 78.100739	  0.799916	  0.320916	  0.002628	
3.895159	 50.797764	  0.770270	  1.000000	  0.002919	
3.900964	  0.000000	  0.764838	  0.000000	  0.002996	
3.906769	  0.000000	  0.764838	  0.000000	  0.002996	
3.912574	 50.781353	  0.764838	  0.678792	  0.002996	
3.918379	 50.453365	  0.807943	  1.000000	  0.002980	
3.924184	 50.453365	  0.807943	  1.000000	  0.002980	
3.929989	 50.398705	  0.782189	  0.504361	  0.003126	
3.935794	 50.396400	  0.831313	  1.000000	  0.003221	
3.941599	 50.396400	  0.831313	  1.000000	  0.003221	
3.947404	 50.396400	  0.831313	  0.563148	  0.003221	
3.953209	 50.508015	  0.830912	  0.881908	  0.003279	
3.959014	 50.272167	  0.787591	  1.000000	  0.003376	
3.964819	 50.508015	  0.830912	  0.783081	  0.003279	
3.970624	 50.424885	  0.820421	  0.645719	  0.003283	
3.976429	 50.424885	  0.820421	  1.000000	  0.003283	
3.982234	 50.424885	  0.820421	  1.000000	  0.003283	
3.988039	 50.416142	  0.825400	  0.592433	  0.003250	
3.993844	 50.416142	  0.825400	  1.000000	  0.003250	
3.999649	 50.416142	  0.825400	  0.600843	  0.003250	
4.005454	  0.000000	  0.805926	  0.000000	  0.003174	
4.011259	 61.893215	  0.804989	  0.528101	  0.003043	
4.017063	 61.893215	  0.804989	  1.000000	  0.003043	
4.022868	 61.893215	  0.804989	  0.680971	  0.003043	
4.028673	 62.122395	  0.808830	  0.729847	  0.002826	
4.034478	 62.122395	  0.808830	  1.000000	  0.002826	
4.040283	124.436729	  0.810073	  0.555286	  0.002424	
4.046088	124.436729	  0.810073	  0.605050	  0.002424	
4.051893	 50.587803	  0.828248	  1.000000	  0.002540	
4.057698	 50.587803	  0.828248	  1.000000	  0.002540	
4.063503	 50.360603	  0.809031	  0.683835	  0.002472	
4.069308	 50.710499	  0.808300	  1.000000	  0.002104	
4.075113	 50.710499	  0.808300	  1.000000	  0.002104	
4.080918	 50.710499	  0.808300	  0.653994	  0.002104	
4.086723	 50.584953	  0.803281	  1.000000	  0.001756	
4.092528	 50.212288	  0.797362	  1.000000	  0.001959	
4.098333	 50.135437	  0.770622	  0.659006	  0.001735	
4.104138	 50.135437	  0.770622	  0.794208	  0.001735	
4.109943	 50.588902	  0.792213	  1.000000	  0.001445	
4.115748	 61.296219	  0.764681	  0.769887	  0.001363	
4.121553	258.532196	  0.743512	  0.750652	  0.000828	
4.127358	258.532196	  0.743512	  0.396571	  0.000828	
4.133163	258.532196	  0.743512	  0.517979	  0.000828	
4.138968	254.119354	  0.750931	  0.674894	  0.000746	
4.144773	154.601593	  0.790543	  0.253905	  0.001137	
4.150578	  0.000000	  0.790543	  0.000000	  0.001137	
4.156383	154.601593	  0.790543	  0.351638	  0.001137	
4.162188	100.370377	  0.864689	  0.244591	  0.003127	
4.167993	  0.000000	  0.864689	  0.000000	  0.003127	
4.173798	105.525375	  0.837570	  0.568371	  0.002596	
4.179603	  0.000000	  0.837570	  0.000000	  0.002596	
4.185408	  0.000000	  0.888628	  0.000000	  0.001966	
4.191213	 93.642937	  0.856967	  0.366813	  0.002157	
4.197018	 93.642937	  0.856967	  0.558118	  0.002157	
4.202823	 93.642937	  0.856967	  0.449659	  0.002157	
4.208628	 98.088921	  0.770241	  0.454343	  0.001333	
4.214433	  0.000000	  0.805666	  0.000000	  0.001119	
4.220238	  0.000000	  0.805666	  0.000000	  0.001119	
4.226043	  0.000000	  0.805666	  0.000000	  0.001119	
4.231848	 84.459641	  0.817221	  0.223281	  0.001162	
4.237653	 77.655869	  0.765947	  0.359061	  0.001119	
4.243458	 82.034096	  0.838925	  0.559260	  0.001279	
4.249263	 82.034096	  0.838925	  0.748936	  0.001279	
4.255068	 88.404465	  0.807312	  0.484162	  0.001125	
4.260873	  0.000000	  0.807312	  0.000000	  0.001125	
4.266678	 81.882828	  0.765936	  0.306518	  0.001114	
4.272483	 81.745216	  0.816612	  0.593280	  0.001029	
4.278288	 81.745216	  0.816612	  0.676158	  0.001029	
4.284093	 81.902901	  0.779686	  0.747790	  0.001013	
4.289898	 81.902901	  0.779686	  0.614717	  0.001013	
4.295703	 81.898277	  0.786935	  0.820281	  0.000972	
4.301508	 81.898277	  0.786935	  0.732047	  0.000972	
4.307313	 85.943726	  0.825998	  0.649313	  0.001218	
4.313118	 90.282684	  0.833876	  0.898042	  0.001165	
4.318923	 90.282684	  0.833876	  0.862945	  0.001165	
4.324728	 90.282684	  0.833876	  0.734334	  0.001165	
4.330533	 82.220520	  0.796609	  0.743641	  0.000694	
4.336338	 82.159599	  0.774762	  0.898151	  0.000546	
4.342143	 82.220520	  0.796609	  0.845880	  0.000694	
4.347948	 97.740143	  0.753338	  0.659979	  0.000442	
4.353753	 99.839813	  0.745886	  0.598121	  0.000391	
4.359558	 99.839813	  0.745886	  0.842555	  0.000391	
4.365363	 96.450279	  0.744363	  0.787587	  0.000395	
4.371168	 92.431473	  0.730657	  0.790279	  0.000364	
4.376973	 96.450279	  0.744363	  0.836345	  0.000395	
4.382778	  0.000000	  0.716514	  0.000000	  0.000296	
4.388583	  0.000000	  0.712815	  0.000000	  0.000214	
4.394388	  0.000000	  0.698635	  0.000000	  0.000008	
4.400193	  0.000000	  0.695789	  0.000000	  0.000008	
4.405998	  0.000000	  0.696015	  0.000000	  0.000007	
4.411803	  0.000000	  0.702901	  0.000000	  0.000006	
4.417608	  0.000000	  0.697167	  0.000000	  0.000006	
4.423413	  0.000000	  0.702901	  0.000000	  0.000006	
4.429218	  0.000000	  0.699351	  0.000000	  0.000086	
4.435023	  0.000000	  0.699351	  0.000000	  0.000086	
4.440828	  0.000000	  0.701504	  0.000000	  0.000006	
4.446633	  0.000000	  0.698568	  0.000000	  0.000005	
4.452438	  0.000000	  0.698568	  0.000000	  0.000005	
4.458243	  0.000000	  0.698568	  0.000000	  0.000005	
4.464048	  0.000000	  0.697141	  0.000000	  0.000004	
4.469853	  0.000000	  0.698555	  0.000000	  0.000004	
4.475658	  0.000000	  0.697141	  0.000000	  0.000004	
4.481463	  0.000000	  0.700425	  0.000000	  0.000004	
4.487268	  0.000000	  0.700425	  0.000000	  0.000004	
4.493073	  0.000000	  0.706064	  0.000000	  0.000003	
4.498878	  0.000000	  0.700293	  0.000000	  0.000002	
4.504683	  0.000000	  0.701532	  0.000000	  0.000003	
4.510488	  0.000000	  0.703113	  0.000000	  0.000002	
4.516293	  0.000000	  0.703113	  0.000000	  0.000002	
4.522098	  0.000000	  0.698452	  0.000000	  0.000002	
4.527902	  0.000000	  0.696851	  0.000000	  0.000001	
4.533707	  0.000000	  0.698479	  0.000000	  0.000001	
4.539512	  0.000000	  0.698479	  0.000000	  0.000001	
4.545317	  0.000000	  0.699810	  0.000000	  0.000001	
4.551122	  0.000000	  0.699810	  0.000000	  0.000001	
4.556927	  0.000000	  0.696068	  0.000000	  0.000000	
4.562732	  0.000000	  0.715122	  0.000000	  0.000000	
4.568537	  0.000000	  0.715122	  0.000000	  0.000000	
