old ones

2 1 0 2 0 1 0 1 2 1 2 0 1 0 2 2 1 0 2 0 1 0 1 2 1 2 0 1 0 2 2 1 0 2 0 1 0 1 2 1 2 0 1 0 2
0 1 2 1 0 2 1 0 2 0 1 2 1 0 2 1 0 2 0 1 2 1 0 2 1 0 2 0 1 2 1 0 2 1 0 2 0 1 2 1 0 2 1 0 2

correct ones

2 1 0 2 0 1 0 1 2 1 2 0 1 0 2 2 1 0 2 0 1 0 1 2 1 2 0 1 0 1 2 1 0 2 0 1 0 1 2 1 2 0 1 0 2
0 1 2 1 0 2 1 0 2 0 1 2 2 0 2 1 0 2 0 1 2 1 0 2 1 0 1 0 1 2 1 0 2 1 0 2 0 1 2 1 0 2 1 0 2

for test (60, 2 paths, 3 modes)
1 0 1 1	0 1 0 1	0 0 1 1	0 0 1 0	1 0 1 0	0 0 1 0	1 0 1 0	1 0 1 1	0 1 0 0	1 1 0 1	1 0 1 0	1 0 1 0	0 1 0 0	1 1 0 1	1 0 0 1
2 1 0 1	0 2 0 1	0 2 2 0	0 2 1 1	1 2 1 2	0 2 2 1	1 0 0 1	2 2 0 1	1 0 1 0	2 0 1 2	1 0 1 2	2 1 0 0	2 0 2 1	1 0 1 0	2 0 2 2
                    


